Dy       0.000000000      0.000000000      0.000000000
O        2.158273000     -0.046252000      0.345142000
O       -1.045235000      1.918333000      0.019218000
O       -1.151345000     -1.856385000     -0.034232000
C        3.475379000     -0.121542000      0.489148000
C        4.298576000     -0.715578000     -0.542635000
C        5.694432000     -0.770807000     -0.351118000
H        6.326532000     -1.221450000     -1.130412000
C        6.333616000     -0.276260000      0.799299000
C        5.518032000      0.294647000      1.794748000
H        6.012021000      0.680824000      2.698640000
C        4.117667000      0.391559000      1.682642000
C       -1.666445000      3.090094000     -0.031559000
C       -1.397371000      4.021654000     -1.107257000
C       -2.085525000      5.251343000     -1.129836000
H       -1.888770000      5.962213000     -1.945902000
C       -3.024586000      5.626034000     -0.151976000
C       -3.273951000      4.709634000      0.886212000
H       -4.010585000      4.995368000      1.651564000
C       -2.632377000      3.458949000      0.982631000
C       -1.867844000     -2.972147000     -0.091505000
C       -1.892019000     -3.893137000      1.026188000
C       -2.663345000     -5.067552000      0.921861000
H       -2.685140000     -5.772061000      1.766399000
C       -3.415908000     -5.396675000     -0.220533000
C       -3.376939000     -4.494513000     -1.299004000
H       -3.959436000     -4.748656000     -2.196839000
C       -2.634292000     -3.296878000     -1.276573000
C        3.675136000     -1.298131000     -1.838195000
C        4.741519000     -1.861639000     -2.806257000
H        4.238910000     -2.256300000     -3.714045000
H        5.461896000     -1.084506000     -3.135884000
H        5.317540000     -2.696766000     -2.356663000
C        2.912312000     -0.193444000     -2.614036000
H        2.419960000     -0.614174000     -3.516745000
H        2.137859000      0.283280000     -1.980867000
H        3.607702000      0.606444000     -2.944640000
C        3.295382000      1.043641000      2.824821000
C        2.554890000      2.299168000      2.295926000
H        1.956893000      2.769220000      3.105971000
H        3.281612000      3.053902000      1.927710000
H        1.871886000      2.047406000      1.462594000
C        2.283682000      0.023627000      3.407196000
H        1.664493000      0.494903000      4.200301000
H        1.607646000     -0.366295000      2.621745000
H        2.814705000     -0.841496000      3.857394000
C        4.185440000      1.511055000      3.999801000
H        4.740399000      0.671144000      4.467047000
H        4.922800000      2.279932000      3.688558000
H        3.544899000      1.964137000      4.785190000
C       -0.368431000      3.694014000     -2.221006000
C       -2.976050000      2.504703000      2.156056000
C        1.041702000      3.512609000     -1.601839000
H        1.784819000      3.257719000     -2.387624000
H        1.374193000      4.451311000     -1.110756000
H        1.054969000      2.710755000     -0.838399000
C       -0.793019000      2.417353000     -2.991370000
H       -1.766377000      2.571777000     -3.502631000
H       -0.038548000      2.153693000     -3.763087000
H       -0.911909000      1.553379000     -2.307355000
C       -0.252458000      4.824843000     -3.269642000
H        0.492761000      4.534511000     -4.039551000
H       -1.213447000      5.014064000     -3.791456000
H        0.089534000      5.780227000     -2.820526000
C       -3.581919000      1.186099000      1.610096000
H       -4.518449000      1.390388000      1.049377000
H       -2.882379000      0.666914000      0.927796000
H       -3.828525000      0.495282000      2.444725000
C       -1.706312000      2.211513000      2.995898000
H       -0.899403000      1.783653000      2.369707000
H       -1.318686000      3.144106000      3.457663000
H       -1.934061000      1.494606000      3.813619000
C       -4.020717000      3.109913000      3.122430000
H       -3.666074000      4.052767000      3.588277000
H       -4.988361000      3.316981000      2.619911000
H       -4.220420000      2.388610000      3.942367000
C       -2.656112000     -2.353885000     -2.508189000
C       -1.080878000     -3.616360000      2.318940000
C       -1.224866000     -2.174500000     -3.076659000
H       -0.821009000     -3.143836000     -3.437421000
H       -1.227104000     -1.464976000     -3.931646000
H       -0.529326000     -1.791052000     -2.303943000
C       -3.260435000     -0.981612000     -2.113264000
H       -2.690201000     -0.503147000     -1.293594000
H       -3.265045000     -0.290546000     -2.983398000
H       -4.309226000     -1.102787000     -1.769390000
C       -3.524418000     -2.908051000     -3.661796000
H       -4.586781000     -3.031928000     -3.365982000
H       -3.497973000     -2.196381000     -4.513409000
H       -3.154206000     -3.885916000     -4.033734000