U        0.000000000      0.000000000      0.000000000
F       -1.716447000      0.848246000     -0.753363000
F       -1.071984000     -0.512447000      1.679737000
F       -0.415429000     -1.803645000     -0.898639000
F        0.415429000      1.803645000      0.898639000
F        1.071984000      0.512447000     -1.679737000
F        1.716447000     -0.848246000      0.753363000
Cs      -2.720085000      2.452365000      2.091944000
Cs      -2.650322000      2.312769000     -3.322807000
Cs      -2.701487000     -2.924458000      2.750214000
Cs      -2.631725000     -3.064053000     -2.664538000
Cs       2.631725000      3.064053000      2.664538000
Cs       2.701487000      2.924458000     -2.750214000
Cs       2.650322000     -2.312769000      3.322807000
Cs       2.720085000     -2.452365000     -2.091944000
U       -5.454139000    -11.086142000     11.573449000
U       -5.384376000    -11.225738000      6.158698000
U       -5.314614000    -11.365334000      0.743946000
U       -5.244852000    -11.504930000     -4.670806000
U       -0.102329000    -10.474454000     12.146043000
U       -0.032567000    -10.614050000      6.731291000
U        0.037195000    -10.753646000      1.316539000
U        0.106957000    -10.893242000     -4.098212000
U        5.249480000     -9.862766000     12.718636000
U        5.319242000    -10.002362000      7.303885000
U        5.389005000    -10.141958000      1.889133000
U        5.458767000    -10.281553000     -3.525619000
U       -5.528529000     10.421149000      8.940370000
U       -5.458767000     10.281553000      3.525619000
U       -5.389005000     10.141958000     -1.889133000
U       -5.319242000     10.002362000     -7.303885000
U       -5.509931000      5.044327000      9.598640000
U       -5.491334000     -0.332496000     10.256910000
U       -5.472736000     -5.709319000     10.915179000
U       -0.176720000     11.032838000      9.512964000
U       -0.106957000     10.893242000      4.098212000
U       -0.037195000     10.753646000     -1.316539000
U        0.032567000     10.614050000     -6.731291000
U       -0.158122000      5.656015000     10.171234000
U       -0.139524000      0.279192000     10.829503000
U       -0.120927000     -5.097631000     11.487773000
U        5.175090000     11.644526000     10.085557000
U        5.244852000     11.504930000      4.670806000
U        5.314614000     11.365334000     -0.743946000
U        5.384376000     11.225738000     -6.158698000
U        5.193687000      6.267703000     10.743827000
U        5.212285000      0.890880000     11.402097000
U        5.230882000     -4.485943000     12.060367000
U       -5.440169000      4.904731000      4.183888000
U       -5.370407000      4.765135000     -1.230863000
U       -5.300645000      4.625539000     -6.645615000
U       -5.421572000     -0.472092000      4.842158000
U       -5.351809000     -0.611688000     -0.572594000
U       -5.282047000     -0.751284000     -5.987345000
U       -5.402974000     -5.848915000      5.500428000
U       -5.333212000     -5.988511000      0.085676000
U       -5.263450000     -6.128107000     -5.329075000
U       -0.088360000      5.516419000      4.756482000
U       -0.018598000      5.376823000     -0.658270000
U        0.051165000      5.237227000     -6.073021000
U       -0.069762000      0.139596000      5.414752000
U        0.069762000     -0.139596000     -5.414752000
U       -0.051165000     -5.237227000      6.073021000
U        0.018598000     -5.376823000      0.658270000
U        0.088360000     -5.516419000     -4.756482000
U        5.263450000      6.128107000      5.329075000
U        5.333212000      5.988511000     -0.085676000
U        5.402974000      5.848915000     -5.500428000
U        5.282047000      0.751284000      5.987345000
U        5.351809000      0.611688000      0.572594000
U        5.421572000      0.472092000     -4.842158000
U        5.300645000     -4.625539000      6.645615000
U        5.370407000     -4.765135000      1.230863000
U        5.440169000     -4.904731000     -4.183888000
Cs      -8.160254000      7.357096000      6.275832000
Cs      -8.090491000      7.217500000      0.861081000
Cs      -8.020729000      7.077904000     -4.553671000
Cs      -7.950967000      6.938308000     -9.968422000
Cs      -8.141656000      1.980273000      6.934102000
Cs      -8.071894000      1.840677000      1.519351000
Cs      -8.002132000      1.701081000     -3.895401000
Cs      -7.932369000      1.561485000     -9.310153000
Cs      -8.123059000     -3.396550000      7.592372000
Cs      -8.053296000     -3.536146000      2.177620000
Cs      -7.983534000     -3.675742000     -3.237131000
Cs      -7.913772000     -3.815338000     -8.651883000
Cs      -8.104461000     -8.773373000      8.250642000
Cs      -8.034699000     -8.912969000      2.835890000
Cs      -7.964937000     -9.052565000     -2.578862000
Cs      -7.895174000     -9.192160000     -7.993613000
Cs      -2.808444000      7.968784000      6.848426000
Cs      -2.738682000      7.829188000      1.433674000
Cs      -2.668920000      7.689592000     -3.981077000
Cs      -2.599158000      7.549996000     -9.395829000
Cs      -2.789847000      2.591961000      7.506696000
Cs      -2.771249000     -2.784862000      8.164966000
Cs      -2.752652000     -8.161684000      8.823235000
Cs       2.543365000      8.580472000      7.421020000
Cs       2.613127000      8.440876000      2.006268000
Cs       2.682889000      8.301280000     -3.408484000
Cs       2.752652000      8.161684000     -8.823235000
Cs       2.561963000      3.203649000      8.079289000
Cs       2.580560000     -2.173173000      8.737559000
Cs       2.599158000     -7.549996000      9.395829000
Cs       7.895174000      9.192160000      7.993613000
Cs       7.964937000      9.052565000      2.578862000
Cs       8.034699000      8.912969000     -2.835890000
Cs       8.104461000      8.773373000     -8.250642000
Cs       7.913772000      3.815338000      8.651883000
Cs       7.932369000     -1.561485000      9.310153000
Cs       7.950967000     -6.938308000      9.968422000
Cs      -2.580560000      2.173173000     -8.737559000
Cs      -2.561963000     -3.203649000     -8.079289000
Cs      -2.682889000     -8.301280000      3.408484000
Cs      -2.613127000     -8.440876000     -2.006268000
Cs      -2.543365000     -8.580472000     -7.421020000
Cs       2.771249000      2.784862000     -8.164966000
Cs       2.789847000     -2.591961000     -7.506696000
Cs       2.668920000     -7.689592000      3.981077000
Cs       2.738682000     -7.829188000     -1.433674000
Cs       2.808444000     -7.968784000     -6.848426000
Cs       7.983534000      3.675742000      3.237131000
Cs       8.053296000      3.536146000     -2.177620000
Cs       8.123059000      3.396550000     -7.592372000
Cs       8.002132000     -1.701081000      3.895401000
Cs       8.071894000     -1.840677000     -1.519351000
Cs       8.141656000     -1.980273000     -6.934102000
Cs       8.020729000     -7.077904000      4.553671000
Cs       8.090491000     -7.217500000     -0.861081000
Cs       8.160254000     -7.357096000     -6.275832000
F       -7.244976000     11.269395000      8.187007000
F       -7.175214000     11.129799000      2.772255000
F       -7.105451000     10.990203000     -2.642496000
F       -7.035689000     10.850607000     -8.057248000
F       -6.600513000      9.908702000     10.620107000
F       -6.581915000      4.531880000     11.278377000
F       -6.563318000     -0.844943000     11.936646000
F       -6.544720000     -6.221766000     12.594916000
F       -6.526123000    -11.598589000     13.253186000
F       -6.456360000    -11.738185000      7.838434000
F       -5.869568000    -12.889787000     10.674810000
F       -6.386598000    -11.877781000      2.423683000
F       -5.799805000    -13.029383000      5.260059000
F       -6.316836000    -12.017377000     -2.991069000
F       -5.730043000    -13.168979000     -0.154693000
F       -5.660281000    -13.308575000     -5.569444000
F       -5.113100000     12.224794000      9.839009000
F       -1.893166000     11.881083000      8.759601000
F       -5.043338000     12.085198000      4.424257000
F       -4.456545000     10.933596000      7.260634000
F       -1.823404000     11.741487000      3.344849000
F       -4.973575000     11.945602000     -0.990494000
F       -4.386783000     10.794000000      1.845882000
F       -1.753642000     11.601892000     -2.069903000
F       -4.903813000     11.806006000     -6.405246000
F       -4.317021000     10.654405000     -3.568870000
F       -1.683880000     11.462296000     -7.484654000
F       -4.247258000     10.514809000     -8.983621000
F       -5.094502000      6.847971000     10.497279000
F       -1.248704000     10.520391000     11.192700000
F       -3.812082000      9.572904000      9.693733000
F       -5.075905000      1.471148000     11.155548000
F       -1.230106000      5.143568000     11.850970000
F       -3.793484000      4.196081000     10.352003000
F       -5.057307000     -3.905674000     11.813818000
F       -1.211508000     -0.233255000     12.509240000
F       -3.774887000     -1.180742000     11.010273000
F       -5.038709000     -9.282497000     12.472088000
F       -1.192911000     -5.610078000     13.167510000
F       -3.756289000     -6.557565000     11.668543000
F       -1.174313000    -10.986901000     13.825779000
F       -3.737692000    -11.934388000     12.326812000
F       -1.104551000    -11.126497000      8.411028000
F       -3.667929000    -12.073984000      6.912061000
F       -0.517758000    -12.278099000     11.247404000
F       -1.034789000    -11.266093000      2.996276000
F       -3.598167000    -12.213580000      1.497309000
F       -0.447996000    -12.417695000      5.832652000
F       -0.965027000    -11.405689000     -2.418475000
F       -3.528405000    -12.353176000     -3.917442000
F       -0.378234000    -12.557290000      0.417901000
F       -0.308472000    -12.696886000     -4.996851000
F        0.238710000     12.836482000     10.411602000
F        3.458643000     12.492772000      9.332194000
F        0.308472000     12.696886000      4.996851000
F        0.895264000     11.545285000      7.833227000
F        3.528405000     12.353176000      3.917442000
F        0.378234000     12.557290000     -0.417901000
F        0.965027000     11.405689000      2.418475000
F        3.598167000     12.213580000     -1.497309000
F        0.447996000     12.417695000     -5.832652000
F        1.034789000     11.266093000     -2.996276000
F        3.667929000     12.073984000     -6.912061000
F        1.104551000     11.126497000     -8.411028000
F        0.257307000      7.459659000     11.069872000
F        4.103106000     11.132079000     11.765294000
F        1.539727000     10.184592000     10.266327000
F        0.275905000      2.082837000     11.728142000
F        4.121703000      5.755256000     12.423564000
F        1.558325000      4.807769000     10.924597000
F        0.294502000     -3.293986000     12.386412000
F        4.140301000      0.378433000     13.081834000
F        1.576922000     -0.569054000     11.582867000
F        0.313100000     -8.670809000     13.044681000
F        4.158898000     -4.998390000     13.740103000
F        1.595520000     -5.945877000     12.241136000
F        4.177496000    -10.375213000     14.398373000
F        1.614118000    -11.322700000     12.899406000
F        4.247258000    -10.514809000      8.983621000
F        1.683880000    -11.462296000      7.484654000
F        4.834051000    -11.666410000     11.819998000
F        4.317021000    -10.654405000      3.568870000
F        1.753642000    -11.601892000      2.069903000
F        4.903813000    -11.806006000      6.405246000
F        4.386783000    -10.794000000     -1.845882000
F        1.823404000    -11.741487000     -3.344849000
F        4.973575000    -11.945602000      0.990494000
F        5.043338000    -12.085198000     -4.424257000
F        5.590519000     13.448170000     10.984196000
F        5.660281000     13.308575000      5.569444000
F        6.247074000     12.156973000      8.405821000
F        5.730043000     13.168979000      0.154693000
F        6.316836000     12.017377000      2.991069000
F        5.799805000     13.029383000     -5.260059000
F        6.386598000     11.877781000     -2.423683000
F        6.456360000     11.738185000     -7.838434000
F        5.609116000      8.071348000     11.642466000
F        6.891537000     10.796280000     10.838921000
F        5.627714000      2.694525000     12.300736000
F        6.910134000      5.419457000     11.497190000
F        5.646312000     -2.682298000     12.959005000
F        6.928732000      0.042634000     12.155460000
F        5.664909000     -8.059121000     13.617275000
F        6.947329000     -5.334189000     12.813730000
F        6.965927000    -10.711011000     13.472000000
F        7.035689000    -10.850607000      8.057248000
F        7.105451000    -10.990203000      2.642496000
F        7.175214000    -11.129799000     -2.772255000
F       -7.226378000      5.892572000      8.845277000
F       -6.530751000      9.769106000      5.205355000
F       -5.943958000      8.617505000      8.041732000
F       -7.156616000      5.752976000      3.430525000
F       -6.460989000      9.629511000     -0.209396000
F       -5.874196000      8.477909000      2.626980000
F       -7.086854000      5.613380000     -1.984227000
F       -6.391226000      9.489915000     -5.624148000
F       -5.804434000      8.338313000     -2.787772000
F       -7.017092000      5.473785000     -7.398978000
F       -5.734671000      8.198717000     -8.202523000
F       -7.207781000      0.515749000      9.503546000
F       -6.512153000      4.392284000      5.863625000
F       -5.925360000      3.240682000      8.700001000
F       -7.138018000      0.376154000      4.088795000
F       -6.442391000      4.252688000      0.448873000
F       -5.855598000      3.101086000      3.285250000
F       -7.068256000      0.236558000     -1.325957000
F       -6.372629000      4.113092000     -4.965878000
F       -5.785836000      2.961490000     -2.129502000
F       -6.998494000      0.096962000     -6.740708000
F       -5.716074000      2.821894000     -7.544254000
F       -7.189183000     -4.861073000     10.161816000
F       -6.493556000     -0.984539000      6.521895000
F       -5.906763000     -2.136141000      9.358271000
F       -7.119421000     -5.000669000      4.747065000
F       -6.423793000     -1.124135000      1.107143000
F       -5.837001000     -2.275737000      3.943519000
F       -7.049659000     -5.140265000     -0.667687000
F       -6.354031000     -1.263731000     -4.307609000
F       -5.767238000     -2.415333000     -1.471232000
F       -6.979896000     -5.279861000     -6.082439000
F       -5.697476000     -2.554929000     -6.885984000
F       -7.170585000    -10.237896000     10.820086000
F       -6.474958000     -6.361362000      7.180164000
F       -5.888165000     -7.512964000     10.016541000
F       -7.100823000    -10.377492000      5.405334000
F       -6.405196000     -6.500958000      1.765413000
F       -5.818403000     -7.652560000      4.601789000
F       -7.031061000    -10.517088000     -0.009417000
F       -6.335434000     -6.640554000     -3.649339000
F       -5.748641000     -7.792156000     -0.812963000
F       -6.961299000    -10.656684000     -5.424169000
F       -5.678879000     -7.931752000     -6.227714000
F       -1.874569000      6.504261000      9.417870000
F       -5.024740000      6.708375000      5.082527000
F       -1.178941000     10.380795000      5.777949000
F       -3.742320000      9.433308000      4.278982000
F       -0.592149000      9.229193000      8.614325000
F       -4.437947000      5.556774000      7.918903000
F       -1.804807000      6.364665000      4.003119000
F       -4.954978000      6.568779000     -0.332225000
F       -1.109179000     10.241199000      0.363197000
F       -3.672558000      9.293712000     -1.135770000
F       -0.522387000      9.089597000      3.199573000
F       -4.368185000      5.417178000      2.504152000
F       -1.735044000      6.225069000     -1.411633000
F       -4.885216000      6.429183000     -5.746976000
F       -1.039417000     10.101603000     -5.051554000
F       -3.602795000      9.154116000     -6.550521000
F       -0.452624000      8.950001000     -2.215178000
F       -4.298423000      5.277582000     -2.910600000
F       -1.665282000      6.085473000     -6.826385000
F       -0.382862000      8.810405000     -7.629930000
F       -4.228661000      5.137986000     -8.325352000
F       -1.855971000      1.127438000     10.076140000
F       -5.006142000      1.331552000      5.740797000
F       -1.160344000      5.003972000      6.436219000
F       -3.723722000      4.056485000      4.937252000
F       -0.573551000      3.852370000      9.272595000
F       -4.419350000      0.179951000      8.577173000
F       -1.837374000     -4.249385000     10.734410000
F       -4.987545000     -4.045270000      6.399066000
F       -1.141746000     -0.372851000      7.094488000
F       -3.705125000     -1.320338000      5.595521000
F       -0.554954000     -1.524453000      9.930865000
F       -4.400752000     -5.196872000      9.235443000
F       -1.818776000     -9.626208000     11.392679000
F       -4.968947000     -9.422093000      7.057336000
F       -1.123149000     -5.749674000      7.752758000
F       -3.686527000     -6.697161000      6.253791000
F       -0.536356000     -6.901276000     10.589134000
F       -4.382155000    -10.573695000      9.893712000
F        3.477240000      7.115949000      9.990464000
F        0.327069000      7.320064000      5.655121000
F        4.172868000     10.992483000      6.350542000
F        1.609489000     10.044996000      4.851575000
F        4.759661000      9.840881000      9.186919000
F        0.913862000      6.168462000      8.491497000
F        3.547003000      6.976353000      4.575712000
F        0.396832000      7.180468000      0.240369000
F        4.242630000     10.852887000      0.935791000
F        1.679252000      9.905400000     -0.563176000
F        4.829423000      9.701285000      3.772167000
F        0.983624000      6.028866000      3.076745000
F        3.616765000      6.836757000     -0.839039000
F        0.466594000      7.040872000     -5.174383000
F        4.312392000     10.713291000     -4.478961000
F        1.749014000      9.765804000     -5.977928000
F        4.899185000      9.561689000     -1.642585000
F        1.053386000      5.889270000     -2.338006000
F        3.686527000      6.697161000     -6.253791000
F        4.968947000      9.422093000     -7.057336000
F        1.123149000      5.749674000     -7.752758000
F        3.495838000      1.739126000     10.648734000
F        0.345667000      1.943241000      6.313390000
F        4.191466000      5.615660000      7.008812000
F        1.628087000      4.668173000      5.509845000
F        4.778258000      4.464058000      9.845188000
F        0.932460000      0.791639000      9.149767000
F        3.514436000     -3.637697000     11.307003000
F        0.364264000     -3.433582000      6.971660000
F        4.210063000      0.238837000      7.667082000
F        1.646685000     -0.708650000      6.168115000
F        4.796856000     -0.912765000     10.503458000
F        0.951057000     -4.585184000      9.808036000
F        3.533033000     -9.014520000     11.965273000
F        0.382862000     -8.810405000      7.629930000
F        4.228661000     -5.137986000      8.325352000
F        1.665282000     -6.085473000      6.826385000
F        4.815453000     -6.289588000     11.161728000
F        0.969655000     -9.962007000     10.466306000
F        5.678879000      7.931752000      6.227714000
F        6.961299000     10.656684000      5.424169000
F        6.265671000      6.780150000      9.064090000
F        5.748641000      7.792156000      0.812963000
F        7.031061000     10.517088000      0.009417000
F        6.335434000      6.640554000      3.649339000
F        5.818403000      7.652560000     -4.601789000
F        7.100823000     10.377492000     -5.405334000
F        6.405196000      6.500958000     -1.765413000
F        6.474958000      6.361362000     -7.180164000
F        5.697476000      2.554929000      6.885984000
F        6.979896000      5.279861000      6.082439000
F        6.284269000      1.403327000      9.722360000
F        5.716074000     -2.821894000      7.544254000
F        6.998494000     -0.096962000      6.740708000
F        6.302867000     -3.973496000     10.380630000
F        5.734671000     -8.198717000      8.202523000
F        7.017092000     -5.473785000      7.398978000
F        6.321464000     -9.350319000     11.038900000
F       -1.786209000      0.987842000      4.661388000
F       -4.936380000      1.191957000      0.326045000
F       -1.090582000      4.864376000      1.021467000
F       -3.653960000      3.916889000     -0.477500000
F       -0.503789000      3.712774000      3.857843000
F       -4.349588000      0.040355000      3.162421000
F       -4.866618000      1.052361000     -5.088707000
F       -1.020819000      4.724780000     -4.393285000
F       -3.584198000      3.777293000     -5.892252000
F       -0.434027000      3.573178000     -1.556908000
F       -4.279825000     -0.099241000     -2.252330000
F       -1.646685000      0.708650000     -6.168115000
F       -0.364264000      3.433582000     -6.971660000
F       -4.210063000     -0.238837000     -7.667082000
F       -1.767612000     -4.388981000      5.319658000
F       -4.917783000     -4.184866000      0.984315000
F       -3.635362000     -1.459934000      0.180770000
F       -0.485191000     -1.664049000      4.516113000
F       -4.330990000     -5.336468000      3.820691000
F       -1.697849000     -4.528577000     -0.095094000
F       -4.848020000     -4.324462000     -4.430437000
F       -1.002222000     -0.652043000     -3.735015000
F       -3.565600000     -1.599530000     -5.233982000
F       -4.261228000     -5.476064000     -1.594061000
F       -1.628087000     -4.668173000     -5.509845000
F       -0.345667000     -1.943241000     -6.313390000
F       -4.191466000     -5.615660000     -7.008812000
F       -1.749014000     -9.765804000      5.977928000
F       -4.899185000     -9.561689000      1.642585000
F       -1.053386000     -5.889270000      2.338006000
F       -3.616765000     -6.836757000      0.839039000
F       -0.466594000     -7.040872000      5.174383000
F       -4.312392000    -10.713291000      4.478961000
F       -1.679252000     -9.905400000      0.563176000
F       -4.829423000     -9.701285000     -3.772167000
F       -0.983624000     -6.028866000     -3.076745000
F       -3.547003000     -6.976353000     -4.575712000
F       -0.396832000     -7.180468000     -0.240369000
F       -4.242630000    -10.852887000     -0.935791000
F       -1.609489000    -10.044996000     -4.851575000
F       -0.327069000     -7.320064000     -5.655121000
F       -4.172868000    -10.992483000     -6.350542000
F        3.565600000      1.599530000      5.233982000
F        4.261228000      5.476064000      1.594061000
F        1.697849000      4.528577000      0.095094000
F        4.848020000      4.324462000      4.430437000
F        1.002222000      0.652043000      3.735015000
F        3.635362000      1.459934000     -0.180770000
F        0.485191000      1.664049000     -4.516113000
F        4.330990000      5.336468000     -3.820691000
F        1.767612000      4.388981000     -5.319658000
F        4.917783000      4.184866000     -0.984315000
F        3.705125000      1.320338000     -5.595521000
F        4.987545000      4.045270000     -6.399066000
F        1.141746000      0.372851000     -7.094488000
F        3.584198000     -3.777293000      5.892252000
F        0.434027000     -3.573178000      1.556908000
F        4.279825000      0.099241000      2.252330000
F        4.866618000     -1.052361000      5.088707000
F        1.020819000     -4.724780000      4.393285000
F        3.723722000     -4.056485000     -4.937252000
F        5.006142000     -1.331552000     -5.740797000
F        1.160344000     -5.003972000     -6.436219000
F        3.602795000     -9.154116000      6.550521000
F        0.452624000     -8.950001000      2.215178000
F        4.298423000     -5.277582000      2.910600000
F        1.735044000     -6.225069000      1.411633000
F        4.885216000     -6.429183000      5.746976000
F        1.039417000    -10.101603000      5.051554000
F        3.672558000     -9.293712000      1.135770000
F        0.522387000     -9.089597000     -3.199573000
F        4.368185000     -5.417178000     -2.504152000
F        1.804807000     -6.364665000     -4.003119000
F        4.954978000     -6.568779000      0.332225000
F        1.109179000    -10.241199000     -0.363197000
F        3.742320000     -9.433308000     -4.278982000
F        5.024740000     -6.708375000     -5.082527000
F        1.178941000    -10.380795000     -5.777949000
F        5.767238000      2.415333000      1.471232000
F        7.049659000      5.140265000      0.667687000
F        6.354031000      1.263731000      4.307609000
F        5.837001000      2.275737000     -3.943519000
F        7.119421000      5.000669000     -4.747065000
F        6.423793000      1.124135000     -1.107143000
F        6.493556000      0.984539000     -6.521895000
F        5.785836000     -2.961490000      2.129502000
F        7.068256000     -0.236558000      1.325957000
F        6.372629000     -4.113092000      4.965878000
F        5.855598000     -3.101086000     -3.285250000
F        7.138018000     -0.376154000     -4.088795000
F        6.442391000     -4.252688000     -0.448873000
F        6.512153000     -4.392284000     -5.863625000
F        5.804434000     -8.338313000      2.787772000
F        7.086854000     -5.613380000      1.984227000
F        6.391226000     -9.489915000      5.624148000
F        5.874196000     -8.477909000     -2.626980000
F        7.156616000     -5.752976000     -3.430525000
F        6.460989000     -9.629511000      0.209396000
F        6.530751000     -9.769106000     -5.205355000
F        3.653960000     -3.916889000      0.477500000
F        0.503789000     -3.712774000     -3.857843000
F        4.349588000     -0.040355000     -3.162421000
F        1.786209000     -0.987842000     -4.661388000
F        4.936380000     -1.191957000     -0.326045000
F        1.090582000     -4.864376000     -1.021467000
